#ifndef ALLDISTANCEDATA_H
#define ALLDISTANCEDATA_H
/**************************************************
* 文件名称：DistanceData.cpp
* 内容摘要：该代码用于定义校园各点间的权值
* 其他说明：无
* *******************************************/

#include "tsp.h"


int BJUTmap[allPlaceNum][allPlaceNum] = {
    {0,440,1150,1200,680,840,1000,740,520,380,350,500,730,340,590},
    {440,0,820,870,200,420,570,370,190,400,780,410,630,730,430},
    {1150,820,0,90,1100,500,240,450,720,670,980,600,830,770,620},
    {1200,870,90,0,1150,520,260,500,770,720,1000,650,850,820,680},
    {680,200,1100,1150,0,610,780,400,200,840,1030,970,40,1000,1020},
    {840,420,500,520,610,0,100,250,320,620,960,550,270,860,470},
    {1000,570,240,260,780,100,0,200,470,570,910,580,450,790,420},
    {740,370,450,500,400,250,200,0,230,360,700,290,580,600,210},
    {520,190,720,770,200,320,470,230,0,610,630,310,550,610,580},
    {380,400,670,720,840,620,570,360,610,0,290,60,880,260,150},
    {360,780,980,1000,1030,960,910,700,630,290,0,400,1130,140,490},
    {500,410,600,650,970,550,580,290,310,60,400,0,900,300,70},
    {730,630,830,850,40,270,450,580,550,880,1130,900,0,1100,810},
    {340,730,770,820,1000,860,790,600,610,260,140,300,1100,0,390},
    {590,430,620,680,1020,470,420,210,280,150,490,70,810,390,0}
};


#endif // ALLDISTANCEDATA_H
